0.02114
0.02154
0.02189
0.02229
0.02274
0.02314
0.02364
0.02424
0.02499
0.03049
0.03089
0.03129
0.03164
0.03204
0.03244
0.03284
0.03329
0.03384
0.03444
0.03534
0.04034
0.04074
0.04114
0.04154
0.04189
0.04229
0.04274
0.04314
0.04364
0.04424
0.04499
0.05049
0.05089
0.05129
0.05164
0.05204
0.05244
0.05284
0.05329
0.05384
0.05444
0.05534
0.06034
0.06074
0.06114
0.06154
0.06189
0.06229
0.06274
0.06314
0.06364
0.06424
0.06499
0.07049
0.07089
0.07124
0.07164
0.07204
0.07244
0.07284
0.07329
0.07384
0.07444
0.07534
0.08034
0.08074
0.08114
0.08154
0.08189
0.08229
0.08274
0.08314
0.08364
0.08424
0.08499
0.09049
0.09089
0.09129
0.09164
0.09204
0.09244
0.09284
0.09329
0.09384
0.09444
0.09534
0.10034
0.10074
0.10114
0.10154
0.10189
0.10229
0.10274
0.10314
0.10364
0.10424
0.10499
0.11049
0.11089
0.11129
0.11164
0.11204
0.11244
0.11284
0.11329
0.11384
0.11444
0.11534
0.12034
0.12074
0.12114
0.12154
0.12189
0.12229
0.12274
0.12314
0.12364
0.12424
0.12499
0.13049
0.13089
0.13124
0.13164
0.13204
0.13244
0.13284
0.13329
0.13384
0.13444
